A2  0.12756699 0.12756699 0.37243301  0.00000
B5  0.5  0.156323114  0.156323512                  0.043270
C1  0.0  0.25  0.25             0.222232
D17  0.25  0.25  0.25       1.529859
 H1   0.000146   0.249280   0.249138         0.222232 
 H2   0.118054   0.124589   0.359937         0.000010 
 H3   0.122249   0.122249   0.370850         0.000360 
 H4   0.374687   0.374966   0.381699         0.031051 
 H5   0.495977   0.156323   0.156324         0.043270 
 H6   0.626778   0.126781   0.126783         0.031964 
 H7   0.637714   0.381740   0.381738         0.000188 
 H8  -0.004024   0.656323   0.156323         0.043270 
 H9   0.126391   0.626392   0.126393         0.031684 
 H10   0.137714   0.881740   0.381736         0.000188 
 H11  -0.004027   0.156322   0.656323         0.043269 
 H12   0.126421   0.126420   0.626419         0.031706 
 H13   0.137714   0.381740   0.881737         0.000188 
 H14   0.639677   0.639677   0.593491         0.038248 
 H15   0.616737   0.616740   0.634245         0.032499 
 H16   0.140070   0.592395   0.855244         0.004271 
 H17   0.250600   0.250622   0.250620         1.529859 